1
1
12
0
(4 0
((0,0,0) (63,63,127) (0,0,0))
((0,0,128) (63,63,255) (0,0,0))
((0,0,256) (63,63,383) (0,0,0))
((0,0,384) (63,63,511) (0,0,0))
)
4
FabOnDisk: Cell_D_00000 0
FabOnDisk: Cell_D_00000 50331739
FabOnDisk: Cell_D_00000 100663480
FabOnDisk: Cell_D_00000 150995221

4,12
2.1410156427785387e-30,0.0000000000000000e+00,0.0000000000000000e+00,-4.5286972366781958e-27,1.5739619351056671e-16,1.5739576588387947e-16,1.9067131037976385e-64,1.9067131037976385e-64,1.9067131037976385e-64,0.0000000000000000e+00,0.0000000000000000e+00,0.0000000000000000e+00,
9.7337479996935545e-30,0.0000000000000000e+00,0.0000000000000000e+00,3.5036098353450060e-26,7.1542932035277534e-16,7.1542925729750681e-16,1.9071407135071486e-64,1.9071407135071486e-64,1.9071407135071486e-64,0.0000000000000000e+00,0.0000000000000000e+00,0.0000000000000000e+00,
9.7337479996935587e-30,0.0000000000000000e+00,0.0000000000000000e+00,-2.4129194038715388e-21,7.1542932035277563e-16,7.1542925729750710e-16,1.9071407135071486e-64,1.9071407135071486e-64,1.9071407135071486e-64,0.0000000000000000e+00,0.0000000000000000e+00,0.0000000000000000e+00,
2.1410156427785387e-30,0.0000000000000000e+00,0.0000000000000000e+00,-4.2791481083351080e-26,1.5739619351056671e-16,1.5739576588387947e-16,1.9067131037976385e-64,1.9067131037976385e-64,1.9067131037976385e-64,0.0000000000000000e+00,0.0000000000000000e+00,0.0000000000000000e+00,

4,12
9.6277807798182202e-30,0.0000000000000000e+00,0.0000000000000000e+00,4.2791481083351080e-26,7.0764076191253179e-16,7.0764069954373475e-16,1.9078333733581219e-64,1.9078333733581219e-64,1.9078333733581219e-64,0.0000000000000000e+00,0.0000000000000000e+00,0.0000000000000000e+00,
2.9653436142965608e-24,0.0000000000000000e+00,0.0000000000000000e+00,2.4129194038715388e-21,1.9074513580815935e-08,1.9074513579819735e-08,1.9072701666769714e-56,1.9072701666769714e-56,1.9072701666784955e-56,0.0000000000000000e+00,0.0000000000000000e+00,0.0000000000000000e+00,
2.8810269694646198e-24,0.0000000000000000e+00,0.0000000000000000e+00,-3.5036098353453435e-26,1.9074466721468137e-08,1.9074466720708196e-08,1.9072701666784955e-56,1.9072701666784955e-56,1.9072701666784955e-56,0.0000000000000000e+00,0.0000000000000000e+00,0.0000000000000000e+00,
9.6277807798182174e-30,0.0000000000000000e+00,0.0000000000000000e+00,4.5286972366781958e-27,7.0764076191253169e-16,7.0764069954373466e-16,1.9078333733581219e-64,1.9078333733581219e-64,1.9078333733581219e-64,0.0000000000000000e+00,0.0000000000000000e+00,0.0000000000000000e+00,

